200 110 200 110 200 110 200 100
200 100 200 100 200 100 200 100 231
100 100 200 150 150 150 130 240
190 100 100 150 150 150 130 240
100 100 200 150 210 210 110
200 100 200 100 200 100 200 100 231
100 100 200 150 150 150 130 240
190 100 100 150 150 150 130 240
100 100 200 150 210 210 110
200 100 200 100 200 100 200 100 231
100 100 200 150 150 150 130 240
190 100 100 150 150 150 130 240
100 100 200 150 210 210 110
200 100 200 100 200 100 200 100 231
100 100 200 150 150 150 130 240
190 100 100 150 150 150 130 240
100 100 200 150 210 210 110
200 100 200 100 200 100 200 100 231
100 100 200 150 150 150 130 240
190 100 100 150 150 150 130 240
100 100 200 150 210 210 110
200 100 200 100 200 100 200 100 231
100 100 200 150 150 150 130 240
190 100 100 150 150 150 130 240
100 100 200 150 210 210 110
200 100 200 100 200 100 200 100 231
100 100 200 150 150 150 130 240
190 100 100 150 150 150 130 240
100 100 200 150 210 210 110
200 100 200 100 200 100 200 100 231
100 100 200 150 150 150 130 240
190 100 100 150 150 150 130 240
100 100 200 150 210 210 110
200 100 200 100 200 100 200 100 231
100 100 200 150 150 150 130 240
190 100 100 150 150 150 130 240
100 100 200 150 210 210 110
