7500 100 100 100 100 100 100 100 100
100 100 100 100 100 100 100 100 180
100 100 100 100 100 100 100 100
100 100 100 100 100 100 100 180
100 100 100 100 100 100 100
100 100 100 100 100 100 100 100 180
100 100 100 100 100 100 100 100
100 100 100 100 100 100 100 180
100 100 100 100 100 100 100
100 100 100 100 100 100 100 100 180
100 100 100 100 100 100 100 100
100 100 100 100 100 100 100 180
100 100 100 100 100 100 100
100 100 100 100 100 100 100 100 180
100 100 100 100 100 100 100 100
100 100 100 100 100 100 100 180
100 100 100 100 100 100 100
100 100 100 100 100 100 100 100 180
100 100 100 100 100 100 100 100
100 100 100 100 100 100 100 180
100 100 100 100 100 100 100
100 100 100 100 100 100 100 100 180
100 100 100 100 100 100 100 100
100 100 100 100 100 100 100 180
100 100 100 100 100 100 100
100 100 100 100 100 100 100 100 180
100 100 100 100 100 100 100 100
100 100 100 100 100 100 100 180
100 100 100 100 100 100 100
100 100 100 100 100 100 100 100 180
100 100 100 100 100 100 100 100
100 100 100 100 100 100 100 180
100 100 100 100 100 100 100

200 200 200 200 200 200
200 200 200 200 200
200 200 200 200 200 
200 200 200 200 200 200 
200 200 200 200 200  
200 200 200 200 200  
